# Created by Octave 3.4.0, Mon Feb 15 12:56:47 2016 AEDT <ehampton@Dracul.local>
# name: Theta3
# type: matrix
# rows: 3
# columns: 16
 -4.01893953173912 3.956378954218937 -1.808976329493924 2.431247022743547 -0.6481653928729354 -0.5338491729883061 4.834548597274249 1.94813113222769 -0.4746122191778516 2.044826121017074 -0.6577743147713278 -0.9966650915859958 3.130957222104608 2.124639356634072 4.829061087349732 -0.1840387468440079
 -3.417385463867659 -3.919406625052048 1.975551234928754 -2.596934646070415 -0.4307774132443906 -0.4830736797225382 -5.113885591783264 -2.074912647617291 6.666576846005811 -2.124044594578125 -0.1991256998263172 4.968113716390707 -3.241957900458491 -2.369813952489616 -5.129216504432598 -0.3243979391273927
 3.383680853206738 -0.6545352229126137 -1.297555130282826 0.05946371404877544 0.2014343679516076 -0.09336789774465737 -0.5059597564450139 1.224022295703903 -6.140660757118966 0.1795094062316875 1.620713609650061 -4.174067017352502 -0.5059297633107995 0.483726822471602 -0.498135879205841 -0.117905670830453


