# Created by Octave 3.4.0, Mon Feb 15 12:56:47 2016 AEDT <ehampton@Dracul.local>
# name: Theta2
# type: matrix
# rows: 15
# columns: 16
 0.7384010817324929 -1.442587173134578 -1.6241861391859 1.994845866990302 -1.705620399816409 2.19141586349849 1.766230929459104 0.3856751811116902 -0.6269683047127949 1.22616821170064 1.456743349263996 -2.047207246818304 1.46348058436773 -1.591694028840393 -1.703770529530028 1.811382370289153
 1.15174416203375 -0.8139946652523571 1.072273645782685 -0.5943906117133562 0.6255871340220368 -1.321778125780438 0.3829587446932648 -0.5601220403947264 0.3177374282083023 1.209069979194413 1.116191581834342 0.6776775797165715 -0.7993847187724348 0.04581120250551556 -1.142260212385198 -0.4007428207429589
 -0.1897226651464611 -0.4628594345453728 -1.119462552956713 0.8418559978673575 -0.5912221115759434 1.333303128211813 1.689749790201716 1.107466925611674 -0.4758717550598411 0.2372559678224903 0.6943632654093107 -1.687077540470964 1.489304985309656 -0.9103925136193887 -0.7847428557497013 1.25744623769155
 0.3933553002003714 -0.04520281033316696 0.05142150124271041 0.1084359616997271 -0.2482860302534735 0.2955813900356198 -0.01343773918955078 0.02386608470896728 0.08970512315596731 -0.06545242699812888 -0.0345144404090427 0.1144328165460905 0.0360081088575479 0.156525332786343 0.1661195739190645 -0.1341335830790323
 0.2401924356233352 -0.01815485155895538 0.127322547359199 0.1685037934510581 -0.0875036757494701 0.338023401458103 0.05946413448772104 -0.04298991480114197 0.02039963647125084 0.0228764230558601 0.03174507803645812 0.107734442151817 -0.06458663392206511 0.06690881459490285 0.2176820494770494 -0.04497432017582642
 0.623558637401367 -1.745786677807358 -1.83903893970323 2.302200735850706 -2.135799390654009 2.679808362103382 1.926464395953594 0.499616289423244 -0.7812509852529663 1.530060922117647 2.333901757345074 -2.666133064532752 1.494062654054214 -1.376905130267037 -2.397625026638491 2.029038237321993
 0.04964792921228066 -1.622763623454767 0.1733089363444177 -0.4342399829745971 0.3378220683335319 -1.060503250715849 -0.09974723969502919 -1.330457198113818 -0.2799131097366892 1.441558444523083 0.393116514558099 0.3375416061196963 0.1828383074168104 -0.01714858821714949 -1.342166511535044 0.3362153967719377
 0.7128611092368018 -3.405166314633767 1.346523269515409 2.983771819999125 1.918638870504892 3.698422824423486 4.041110866362206 1.616902760400275 0.2146261148821945 1.370398142862853 1.274206999522574 -2.440303891844025 1.906534320483125 -1.691211320918172 -2.702863195353541 0.9009049774821573
 -1.290350462703095 0.1179454403215837 -0.8139422310791234 0.2911005515325768 -0.180791025025294 1.044999339507532 1.482387596741687 1.557502769123002 -0.5328485599396942 -0.414241955566063 0.3362449216919958 -1.12887767804342 1.374886991830122 -0.598048338025676 -0.1719825276339618 0.8619384401026744
 0.8367523240778175 -0.2481568433726762 -0.2911610186592997 -0.5491458365945269 -0.8555767604346034 -0.3597007934913371 -0.06792288655560179 0.3918176144607058 0.2611199901319479 -0.3355237575083601 -0.5188774860116093 -0.3226403652498904 0.01473756095464004 0.4791326831683692 0.3704269101933602 -0.4109303780219244
 0.7292106914332681 -1.84181724945933 1.385265636121953 2.1669868679444 0.7635800281248638 2.109702040393021 2.477943450089456 1.188879300675988 0.2486381080599213 1.238530788619275 3.285113669628322 -2.292373128025663 0.7624297475163354 -1.219119011720966 -2.276720013238211 0.5892510853689251
 -1.22389926049489 0.07688348364389001 0.02482976419340456 -0.1659676713122019 0.6373420610833358 -0.3690136434427119 3.214309733759971 1.841894910493221 -0.6176282749721594 0.3957980672184369 1.403150220682167 -1.065888732358387 1.424874665696229 -1.40168107574279 -0.6813762375622868 1.157425118064334
 0.5639790223246737 -1.226248286265123 -0.02696922511845337 -0.2159277713317451 0.1272097459209772 -0.5469768773646994 0.572265820875687 -0.9494850073753588 -0.2667985195152452 1.62652254731269 0.7040902321556284 -0.5268528822727988 0.4662553999679456 -0.1251247702744208 -1.604189390370153 0.8567549855274259
 0.6172406309829769 -1.749962614444768 -1.834761831888198 2.302635532265739 -2.141445020418832 2.686016320187936 1.913889372666917 0.4922886981954622 -0.7866018472597012 1.530038628865368 2.346488924524367 -2.672133200751665 1.484284326839054 -1.359515957458271 -2.414966981111065 2.028340210384021
 -0.171977756946779 -0.01380485190582483 0.09501303304235206 0.1143861850100063 0.06889466624976387 0.1813885614897557 0.08753192668115617 -0.07449253780146492 -0.004466695236157003 0.02840394496969123 -0.01222481788048578 0.07681005730713877 -0.02395327548591355 0.0179331059644176 0.1016847067594104 0.03865325561798463


