# Created by Octave 3.4.0, Mon Feb 15 12:56:47 2016 AEDT <ehampton@Dracul.local>
# name: Theta1
# type: matrix
# rows: 15
# columns: 97
 -0.1231614952564044 -0.2494533544895657 0.002811337058751897 -0.1993712133147959 0.0002666573199882884 -0.2603150249848711 -0.003110760013760714 -0.001772055491482347 -0.001178728195176548 0.002399056338655581 0.2429255971077404 0.2472264434104939 0.2454353122472344 -0.000711426383093402 0.2717204521068455 0.1168830146190045 -0.08971216496991624 -0.3934939881988636 0.08926636258581577 0.2391960568667396 -0.1647972012215634 -0.0821568424013855 0.001224087495324641 -0.03324458837525718 -0.01903214600395445 -0.2426597654191875 -0.07190015596706746 0.4563873479623186 0.2793171249363634 0.1677851807829062 -0.1565293169830985 -0.4843794579283668 -0.2479376298102713 -0.003548886775580871 -0.1018136470540979 -0.0447523816546368 -1.086289217282019 -0.08712058967844827 0.05007968673964926 -0.5260905021132929 0.5709169151736 -0.1780406653812575 0.1964926617665752 -0.5815528218958766 0.002038686214164402 0.03894928289328418 0.02358558340314063 0.4427457827119415 -0.04570128418583917 0.231108767209951 -0.4235369260163818 -0.1874625225550659 0.5858658807973129 0.1055755192292512 -0.1113251124698873 0.002525943219413934 -0.07461679922292173 -0.03494435320311329 -0.4481447214507325 -0.01885815849490706 -0.3903139374522608 0.03807431305920286 0.4344790178532665 -0.1272628885361454 0.4260303742526914 -0.06749283147606262 0.002830422615270992 -0.04289503941886261 -0.01280755006528614 -0.4117505026476915 0.03286924983793783 0.07356915292428891 0.7980360534357953 0.1107619443024935 0.1689435999556119 0.5233332504350787 0.5765181925241137 0.0004537835547743516 -0.01697021775272448 -0.02954861904215291 -0.3701295358232545 -0.1243649900776364 -0.1237979976952058 0.1692601160554241 -0.1007007299251549 -0.09910476339663238 -0.005300479316228324 -0.3195072177371328 -0.0007260376864617396 0.001883468058324569 -0.146251241249317 0.2434382599673759 -0.0001476429460907919 -0.03147294601691867 0.0736325217006395 -0.1209535392318154 -0.00217566327659868
 -0.003138758969902719 -0.1886501518386765 -0.003282693610438612 -0.1273844444046166 -0.00247572653637535 -0.07115687211736051 0.0005393305956185107 -0.1281079946088056 -0.1281726496779724 -0.1307096583320264 -0.2386076874954585 -0.2366852862321728 -0.2392988094555108 0.0001358795317169807 0.01512211025126884 0.02882765537745946 0.8345418169831366 -0.1260418194596959 0.2732196476006832 -0.02746369009467659 0.4680361420652027 0.05072344463292734 -0.002178059282666327 -0.0674557648069741 -0.06052549177549148 -0.1689116765030238 -0.1093436026218777 0.8108738124169925 -0.6592975264974803 0.148559400331148 -0.08959917633306701 -0.2971368342628832 0.3270917976138447 0.002713543902158901 0.006145992099352356 0.03135751695812436 0.08729599795481625 -0.05515527108143227 0.7455725972399044 0.5137907173430719 0.2528284240084096 -0.4070139328104807 -0.7021316299703406 -0.5008790119477182 0.0006190494120779632 -0.02845775985521033 -0.04969736232970064 -0.11203924290163 -0.1471322191606243 -0.125769861343953 0.3913433883375199 0.2232973221904694 -0.2082737582663341 -0.3656141647248596 -0.1703949643170746 -0.0001123612160145699 -0.1520035606719758 -0.07129485219859989 0.6712377587456078 0.04287439002382505 0.6920999337236082 -0.263153320752247 -0.4631789573634665 -0.153768260732102 0.6454918420201179 -0.8286810787284588 0.001690233336162844 0.04012591676358009 0.1782517066570037 -0.2503049690283392 0.1893797388424129 0.2779130794022722 -0.1937556664078549 -0.289626545396276 0.7761190535461311 0.3917962705213048 -0.6515527635468468 -0.001607972959470177 -0.1035962692666054 0.005401170113516366 0.08795773013694586 -0.138435741624183 -0.1403545665651142 0.03780889400925835 0.1212824830160722 0.1205361845169264 -0.1228346585348638 -0.2286644414076926 -0.002590965024289783 0.0005893799943648657 -0.1656421563632951 -0.3076141689833878 -0.001043825062308804 0.06401827832603746 0.835504541055045 0.1032334632045726 -0.0001604941146988711
 1.74702650951236 -1.112282830144049 0.0003935699301756035 0.3792806108999596 -0.0006170199362123923 0.599485530171854 0.004369342716657329 0.2008763074921506 0.2050208279156492 0.205021474666288 0.0944906747300305 0.09531069121647136 0.09562882313407445 0.001431609035467035 0.3315595820305385 -0.4485885587157725 0.1445001058901052 -0.2043124800091385 0.4721717733303945 -0.03639296852520445 -0.6142215431200742 -0.1122237644378838 -0.003600399343823642 0.2937810806230082 0.2366550131917989 -0.03870736583842951 0.5496112231191382 -0.6039052549125554 0.2231439311372702 -0.07798071633356092 0.6110814661389549 0.8270347435294417 -0.4631596424521054 0.001450671047930861 0.3069781646756953 0.2718216319921051 0.1491603118297296 -0.4585081391921036 0.7854377060856701 -0.1080305635324355 0.7805328979228663 -0.7150004799461515 -0.6165056049159297 -0.1075907089176888 -0.0001212157773936034 0.2121164929912252 0.225178734559576 -0.1896908396299132 -0.9206194447289223 0.50272053569035 -0.03782816211277566 -0.1025195185545966 -0.7530454937416925 -0.2694817912081308 0.362236584320241 0.001713742962782737 0.3458684101944942 0.1685120135354127 0.08969088318627057 0.04914583269973537 0.2108272859046507 0.2548200263585672 -0.5495423212275387 0.03861694704600702 0.2533885077787876 0.9166380288556322 0.0004403815513006544 0.2599030550026755 0.2454336189843984 0.07355330596860962 -0.2097127174923319 -0.2385896576748792 -0.264332004991327 0.2285480416054395 0.5665733029393988 0.3295491451958929 -0.08593585676491078 -0.001056487464249999 0.4495107447958073 0.1573802789841168 -0.0158760900740844 -0.06310894628168782 -0.06686501433522543 0.175737706757482 -0.04368576261045648 -0.04332486968043753 -0.1691131479366612 0.2430775035264603 -0.001169955903830401 0.001471620746455014 -0.6839031492159958 -0.6035680058789482 -0.001100568828517562 0.2054384348413471 0.4600406467133501 0.109977227848898 0.002319409029122647
 -0.4016719128166748 -0.01394825492033723 -0.002683141784091437 -0.1044372278178334 0.001762758826838246 -0.07690982702473145 -0.003843832544221591 -0.05115712262067695 -0.05292539744702027 -0.05141572961825781 0.09468137344874276 0.0978327277994214 0.09737078207735152 -0.001762585021651871 -0.2861254196043294 0.0403502445775108 -0.0086611212505893 0.03291340452484123 -0.3456679328461735 0.2298734918585331 -0.3594937118206825 -0.1654908959943354 0.0004758872070230833 -0.09093088651914362 -0.06512717390269589 0.2475219118008959 0.2863480060441995 -0.03287919209734846 0.002994120138413411 -0.3497878097750133 -0.01642549710780406 0.4332742238137481 -0.4662723687263844 -0.0007349485275128631 -0.07354677232146219 -0.03265254916930711 -0.003928665624210692 -0.01050825770579652 0.03872695165319694 -0.2566845771246583 0.001034854523387581 0.03646183190837417 0.2485039515413364 -0.1590972849780212 0.002830527346521563 -0.03759143888388811 -0.04320063051576844 -0.7036107738517884 -0.2509078647165812 -0.1291166303953146 0.199144843059739 -0.2324083000520024 0.1724646681353793 0.03215209380309256 -0.3475664302727144 0.001687217475646363 -0.1188908982656197 -0.06205935333662866 0.05682356149224708 -0.09864062208740595 0.03691020028305004 -0.1864377187313436 -0.1400991876255178 -0.2295503317728697 0.141456365680945 -0.1349887116109504 0.002591134221150969 -0.07690172116696295 -0.03796897638242554 -0.08841088560357177 -0.06504446953191709 0.1464166588311208 -0.3980462582776346 -0.000399216235192599 0.275369106057934 0.06627758598928249 -0.1665656641782112 0.001785464114574411 -0.03496894211832921 0.009969509365073261 0.4243026813395583 0.1821834485335412 0.178552725250636 -0.01319331633830554 -0.1577927946848523 -0.1598519842087946 -0.1369031790995311 0.3012115297027047 0.003370593820859902 -0.002086086236421156 -0.5259378516887435 0.1846629103378574 0.003211851065149104 0.5483269331359998 0.1248795416643561 0.09006585406232161 0.0003523008104657954
